시,구,동,전체합계,합계(남),합계(여),합계(국민기초생활보장_수급권자),국민기초생활보장_수급권자_남,국민기초생활보장_수급권자_여,합계(저소득노인),저소득노인_남,저소득노인_여,합계(일반),일반_남,일반_여
서울특별시,소계,소계,448251,149748,298503,129275,48661,80614,12775,3619,9156,306201,97468,208733
서울특별시,종로구,소계,11178,4748,6430,2231,1213,1018,403,127,276,8544,3408,5136
서울특별시,종로구,사직동,556,197,359,54,24,30,14,5,9,488,168,320
서울특별시,종로구,삼청동,193,58,135,17,7,10,10,2,8,166,49,117
서울특별시,종로구,부암동,458,157,301,44,15,29,12,-,12,402,142,260
서울특별시,종로구,평창동,834,226,608,59,18,41,35,9,26,740,199,541
서울특별시,종로구,무악동,436,111,325,81,23,58,32,4,28,323,84,239
서울특별시,종로구,교남동,577,175,402,119,47,72,28,13,15,430,115,315
서울특별시,종로구,가회동,251,71,180,19,5,14,10,2,8,222,64,158
서울특별시,종로구,종로1.2.3.4가동,1489,1078,411,426,344,82,21,13,8,1042,721,321
서울특별시,종로구,종로5.6가동,616,336,280,133,87,46,24,9,15,459,240,219
서울특별시,종로구,이화동,601,210,391,134,58,76,33,10,23,434,142,292
서울특별시,종로구,창신1동,813,427,386,234,148,86,37,14,23,542,265,277
서울특별시,종로구,창신2동,951,380,571,251,116,135,26,6,20,674,258,416
서울특별시,종로구,창신3동,404,142,262,85,41,44,11,2,9,308,99,209
서울특별시,종로구,숭인1동,558,212,346,133,56,77,14,4,10,411,152,259
서울특별시,종로구,숭인2동,954,510,444,229,146,83,25,9,16,700,355,345
서울특별시,종로구,청운효자동,641,180,461,98,29,69,34,9,25,509,142,367
서울특별시,종로구,혜화동,846,278,568,115,49,66,37,16,21,694,213,481
서울특별시,중구,소계,7987,3237,4750,2553,1220,1333,324,105,219,5110,1912,3198
서울특별시,중구,소공동,87,45,42,17,13,4,-,-,-,70,32,38
서울특별시,중구,회현동,553,324,229,219,160,59,8,2,6,326,162,164
서울특별시,중구,명동,199,96,103,24,7,17,-,-,-,175,89,86
서울특별시,중구,필동,316,153,163,56,38,18,8,2,6,252,113,139
서울특별시,중구,장충동,271,109,162,60,26,34,6,1,5,205,82,123
서울특별시,중구,광희동,475,225,250,111,58,53,15,6,9,349,161,188
서울특별시,중구,을지로동,292,197,95,91,75,16,10,5,5,191,117,74
서울특별시,중구,신당5동,619,240,379,219,104,115,19,4,15,381,132,249
서울특별시,중구,황학동,700,276,424,253,121,132,17,5,12,430,150,280
서울특별시,중구,중림동,648,286,362,237,137,100,33,13,20,378,136,242
서울특별시,중구,신당동,636,291,345,207,125,82,18,5,13,411,161,250
서울특별시,중구,다산동,765,275,490,206,89,117,38,14,24,521,172,349
서울특별시,중구,약수동,1204,346,858,441,126,315,92,30,62,671,190,481
서울특별시,중구,청구동,868,258,610,340,111,229,43,14,29,485,133,352
서울특별시,중구,동화동,354,116,238,72,30,42,17,4,13,265,82,183
서울특별시,용산구,소계,10498,3715,6783,3029,1336,1693,96,25,71,7373,2354,5019
서울특별시,용산구,후암동,954,326,628,287,122,165,15,6,9,652,198,454
서울특별시,용산구,용산2가동,573,177,396,192,57,135,7,-,7,374,120,254
서울특별시,용산구,남영동,969,693,276,559,448,111,4,2,2,406,243,163
서울특별시,용산구,원효로2동,570,171,399,189,72,117,6,1,5,375,98,277
서울특별시,용산구,효창동,321,103,218,52,18,34,1,-,1,268,85,183
서울특별시,용산구,용문동,532,135,397,207,51,156,4,-,4,321,84,237
서울특별시,용산구,이촌1동,746,157,589,18,5,13,1,-,1,727,152,575
서울특별시,용산구,이촌2동,427,104,323,75,19,56,4,1,3,348,84,264
서울특별시,용산구,이태원1동,375,116,259,78,27,51,7,4,3,290,85,205
서울특별시,용산구,이태원2동,513,139,374,97,23,74,4,1,3,412,115,297
서울특별시,용산구,서빙고동,483,155,328,111,36,75,10,1,9,362,118,244
서울특별시,용산구,보광동,791,239,552,303,97,206,15,3,12,473,139,334
서울특별시,용산구,청파동,1065,412,653,373,164,209,8,3,5,684,245,439
서울특별시,용산구,원효로1동,517,187,330,132,60,72,2,-,2,383,127,256
서울특별시,용산구,한강로동,806,309,497,174,73,101,3,2,1,629,234,395
서울특별시,용산구,한남동,856,292,564,182,64,118,5,1,4,669,227,442
서울특별시,성동구,소계,12141,4065,8076,3536,1394,2142,239,55,184,8366,2616,5750
서울특별시,성동구,왕십리2동,690,204,486,198,73,125,15,3,12,477,128,349
서울특별시,성동구,마장동,1070,374,696,264,100,164,21,6,15,785,268,517
서울특별시,성동구,사근동,406,133,273,80,22,58,6,1,5,320,110,210
서울특별시,성동구,행당1동,500,171,329,119,47,72,9,1,8,372,123,249
서울특별시,성동구,행당2동,928,248,680,347,89,258,33,4,29,548,155,393
서울특별시,성동구,응봉동,511,131,380,66,27,39,10,3,7,435,101,334
서울특별시,성동구,금호1가동,759,210,549,308,81,227,17,5,12,434,124,310
서울특별시,성동구,금호4가동,694,191,503,198,59,139,9,2,7,487,130,357
서울특별시,성동구,성수1가1동,603,232,371,160,93,67,9,3,6,434,136,298
서울특별시,성동구,성수1가2동,460,164,296,75,35,40,10,5,5,375,124,251
서울특별시,성동구,성수2가1동,891,381,510,266,132,134,13,3,10,612,246,366
서울특별시,성동구,성수2가3동,393,169,224,65,44,21,2,-,2,326,125,201
서울특별시,성동구,송정동,587,242,345,231,114,117,14,7,7,342,121,221
서울특별시,성동구,용답동,849,409,440,333,183,150,22,8,14,494,218,276
서울특별시,성동구,왕십리도선동,1002,327,675,378,141,237,19,2,17,605,184,421
서울특별시,성동구,금호2.3가동,947,262,685,248,97,151,14,-,14,685,165,520
서울특별시,성동구,옥수동,851,217,634,200,57,143,16,2,14,635,158,477
서울특별시,광진구,소계,13657,4631,9026,3875,1514,2361,981,349,632,8801,2768,6033
서울특별시,광진구,화양동,682,257,425,164,80,84,22,12,10,496,165,331
서울특별시,광진구,군자동,927,335,592,280,122,158,59,21,38,588,192,396
서울특별시,광진구,중곡1동,759,282,477,254,93,161,70,23,47,435,166,269
서울특별시,광진구,중곡2동,921,327,594,279,117,162,90,36,54,552,174,378
서울특별시,광진구,중곡3동,992,383,609,326,125,201,79,29,50,587,229,358
서울특별시,광진구,중곡4동,1354,462,892,446,154,292,134,47,87,774,261,513
서울특별시,광진구,능동,408,138,270,103,41,62,29,9,20,276,88,188
서울특별시,광진구,구의1동,943,318,625,276,112,164,63,30,33,604,176,428
서울특별시,광진구,구의2동,1126,382,744,341,128,213,110,42,68,675,212,463
서울특별시,광진구,구의3동,790,225,565,144,47,97,48,14,34,598,164,434
서울특별시,광진구,광장동,618,183,435,76,26,50,26,7,19,516,150,366
서울특별시,광진구,자양1동,1147,363,784,396,150,246,85,27,58,666,186,480
서울특별시,광진구,자양2동,908,291,617,264,96,168,48,9,39,596,186,410
서울특별시,광진구,자양3동,862,236,626,125,50,75,40,15,25,697,171,526
서울특별시,광진구,자양4동,1220,449,771,401,173,228,78,28,50,741,248,493
서울특별시,동대문,소계,18625,6808,11817,5993,2707,3286,446,125,321,12186,3976,8210
서울특별시,동대문,회기동,465,131,334,76,32,44,12,4,8,377,95,282
서울특별시,동대문,휘경1동,506,166,340,103,50,53,9,3,6,394,113,281
서울특별시,동대문,휘경2동,976,284,692,188,74,114,17,3,14,771,207,564
서울특별시,동대문,청량리동,2095,802,1293,893,413,480,51,11,40,1151,378,773
서울특별시,동대문,용신동,2207,972,1235,749,418,331,34,10,24,1424,544,880
서울특별시,동대문,제기동,2001,811,1190,706,394,312,58,15,43,1237,402,835
서울특별시,동대문,전농1동,1991,812,1179,741,343,398,56,21,35,1194,448,746
서울특별시,동대문,전농2동,906,251,655,305,79,226,26,8,18,575,164,411
서울특별시,동대문,답십리2동,1464,459,1005,519,187,332,44,11,33,901,261,640
서울특별시,동대문,장안1동,1676,629,1047,459,209,250,35,12,23,1182,408,774
서울특별시,동대문,장안2동,1339,483,856,356,168,188,32,6,26,951,309,642
서울특별시,동대문,이문1동,895,283,612,244,97,147,24,9,15,627,177,450
서울특별시,동대문,이문2동,1067,338,729,354,123,231,23,5,18,690,210,480
서울특별시,동대문,답십리1동,1037,387,650,300,120,180,25,7,18,712,260,452
서울특별시,중랑구,소계,22438,8215,14223,8428,3249,5179,391,86,305,13619,4880,8739
서울특별시,중랑구,면목2동,1643,600,1043,562,218,344,28,4,24,1053,378,675
서울특별시,중랑구,면목4동,1213,390,823,562,175,387,22,6,16,629,209,420
서울특별시,중랑구,면목5동,630,226,404,203,86,117,8,2,6,419,138,281
서울특별시,중랑구,면목7동,1191,436,755,362,145,217,21,7,14,808,284,524
서울특별시,중랑구,상봉1동,1147,372,775,486,172,314,25,7,18,636,193,443
서울특별시,중랑구,상봉2동,1111,468,643,365,171,194,12,1,11,734,296,438
서울특별시,중랑구,중화1동,971,346,625,301,111,190,18,6,12,652,229,423
서울특별시,중랑구,중화2동,1947,855,1092,828,373,455,30,8,22,1089,474,615
서울특별시,중랑구,묵1동,1300,395,905,356,102,254,21,6,15,923,287,636
서울특별시,중랑구,묵2동,1067,381,686,350,134,216,29,7,22,688,240,448
서울특별시,중랑구,망우3동,1271,540,731,581,286,295,16,6,10,674,248,426
서울특별시,중랑구,신내1동,1475,437,1038,566,145,421,44,7,37,865,285,580
서울특별시,중랑구,신내2동,1310,395,915,523,188,335,23,3,20,764,204,560
서울특별시,중랑구,면목본동,2187,816,1371,826,319,507,33,2,31,1328,495,833
서울특별시,중랑구,면목3.8동,1686,604,1082,610,227,383,22,7,15,1054,370,684
서울특별시,중랑구,망우본동,2289,954,1335,947,397,550,39,7,32,1303,550,753
서울특별시,성북구,소계,19763,6099,13664,7495,2857,4638,994,315,679,11274,2927,8347
서울특별시,성북구,돈암1동,744,198,546,391,127,264,30,7,23,323,64,259
서울특별시,성북구,돈암2동,629,158,471,211,85,126,22,9,13,396,64,332
서울특별시,성북구,안암동,650,201,449,174,74,100,26,7,19,450,120,330
서울특별시,성북구,보문동,773,251,522,225,92,133,32,9,23,516,150,366
서울특별시,성북구,정능1동,661,173,488,222,81,141,27,8,19,412,84,328
서울특별시,성북구,정능2동,1078,331,747,320,134,186,66,25,41,692,172,520
서울특별시,성북구,정능3동,1012,330,682,428,161,267,83,29,54,501,140,361
서울특별시,성북구,정능4동,1281,377,904,399,151,248,104,34,70,778,192,586
서울특별시,성북구,길음1동,935,214,721,377,118,259,43,9,34,515,87,428
서울특별시,성북구,길음2동,706,210,496,333,113,220,37,14,23,336,83,253
서울특별시,성북구,월곡1동,1211,391,820,517,205,312,52,16,36,642,170,472
서울특별시,성북구,월곡2동,948,310,638,381,146,235,70,23,47,497,141,356
서울특별시,성북구,장위1동,1226,418,808,630,228,402,74,21,53,522,169,353
서울특별시,성북구,장위2동,922,286,636,464,188,276,32,8,24,426,90,336
서울특별시,성북구,장위3동,522,161,361,230,76,154,32,13,19,260,72,188
서울특별시,성북구,성북동,819,262,557,174,70,104,36,11,25,609,181,428
서울특별시,성북구,삼선동,1148,374,774,382,157,225,50,16,34,716,201,515
서울특별시,성북구,동선동,649,224,425,193,86,107,24,9,15,432,129,303
서울특별시,성북구,종암동,1856,544,1312,677,236,441,78,23,55,1101,285,816
서울특별시,성북구,석관동,1993,686,1307,767,329,438,76,24,52,1150,333,817
서울특별시,강북구,소계,20398,6930,13468,7635,2800,4835,767,168,599,11996,3962,8034
서울특별시,강북구,번1동,1207,464,743,401,179,222,34,12,22,772,273,499
서울특별시,강북구,번2동,1352,390,962,636,190,446,94,14,80,622,186,436
서울특별시,강북구,번3동,1695,477,1218,1059,326,733,73,10,63,563,141,422
서울특별시,강북구,수유1동,1449,507,942,509,185,324,57,10,47,883,312,571
서울특별시,강북구,수유2동,1318,400,918,434,111,323,59,18,41,825,271,554
서울특별시,강북구,수유3동,1586,595,991,554,229,325,43,12,31,989,354,635
서울특별시,강북구,삼양동,1625,613,1012,599,262,337,57,12,45,969,339,630
서울특별시,강북구,미아동,1601,569,1032,527,235,292,54,10,44,1020,324,696
서울특별시,강북구,송중동,1700,615,1085,521,204,317,68,22,46,1111,389,722
서울특별시,강북구,송천동,2146,814,1332,743,337,406,58,22,36,1345,455,890
서울특별시,강북구,삼각산동,1178,305,873,576,149,427,41,8,33,561,148,413
서울특별시,강북구,우이동,1416,455,961,390,125,265,58,8,50,968,322,646
서울특별시,강북구,인수동,2125,726,1399,686,268,418,71,10,61,1368,448,920
서울특별시,도봉구,소계,17136,5614,11522,4964,1913,3051,1133,390,743,11039,3311,7728
서울특별시,도봉구,쌍문1동,1144,362,782,358,122,236,113,39,74,673,201,472
서울특별시,도봉구,쌍문2동,1220,372,848,375,132,243,101,36,65,744,204,540
서울특별시,도봉구,쌍문3동,974,319,655,291,120,171,82,30,52,601,169,432
서울특별시,도봉구,쌍문4동,645,151,494,108,32,76,47,16,31,490,103,387
서울특별시,도봉구,방학1동,1666,664,1002,604,269,335,86,27,59,976,368,608
서울특별시,도봉구,방학2동,1548,614,934,717,307,410,112,35,77,719,272,447
서울특별시,도봉구,방학3동,998,218,780,116,30,86,77,27,50,805,161,644
서울특별시,도봉구,창1동,1223,337,886,238,86,152,42,15,27,943,236,707
서울특별시,도봉구,창2동,1294,393,901,335,101,234,104,35,69,855,257,598
서울특별시,도봉구,창3동,906,316,590,374,127,247,46,16,30,486,173,313
서울특별시,도봉구,창4동,945,265,680,122,36,86,32,10,22,791,219,572
서울특별시,도봉구,창5동,981,294,687,193,74,119,47,18,29,741,202,539
서울특별시,도봉구,도봉1동,1911,770,1141,632,284,348,151,55,96,1128,431,697
서울특별시,도봉구,도봉2동,1681,539,1142,501,193,308,93,31,62,1087,315,772
서울특별시,노원구,소계,36839,10934,25905,10115,3207,6908,482,101,381,26242,7626,18616
서울특별시,노원구,월계1동,1374,516,858,299,132,167,19,6,13,1056,378,678
서울특별시,노원구,월계2동,3183,1029,2154,1107,379,728,39,4,35,2037,646,1391
서울특별시,노원구,월계3동,2613,740,1873,760,232,528,26,5,21,1827,503,1324
서울특별시,노원구,공릉2동,2407,801,1606,319,103,216,21,6,15,2067,692,1375
서울특별시,노원구,하계1동,2363,692,1671,1047,289,758,27,6,21,1289,397,892
서울특별시,노원구,하계2동,2089,534,1555,360,93,267,18,4,14,1711,437,1274
서울특별시,노원구,중계본동,1033,234,799,124,35,89,18,2,16,891,197,694
서울특별시,노원구,중계1동,808,214,594,214,44,170,13,1,12,581,169,412
서울특별시,노원구,중계4동,1355,385,970,745,247,498,24,3,21,586,135,451
서울특별시,노원구,상계1동,2006,605,1401,580,171,409,36,12,24,1390,422,968
서울특별시,노원구,상계2동,3007,774,2233,259,111,148,19,4,15,2729,659,2070
서울특별시,노원구,상계5동,2374,787,1587,579,211,368,34,14,20,1761,562,1199
서울특별시,노원구,상계8동,1034,356,678,64,12,52,4,2,2,966,342,624
서울특별시,노원구,상계9동,2240,778,1462,126,23,103,10,1,9,2104,754,1350
서울특별시,노원구,상계10동,1732,558,1174,79,17,62,9,1,8,1644,540,1104
서울특별시,노원구,상계3.4동,2404,688,1716,957,358,599,51,12,39,1396,318,1078
서울특별시,노원구,상계6.7동,929,204,725,188,46,142,26,6,20,715,152,563
서울특별시,노원구,중계2.3동,2408,598,1810,1463,394,1069,60,6,54,885,198,687
서울특별시,노원구,공릉1동,1480,441,1039,845,310,535,28,6,22,607,125,482
서울특별시,은평구,소계,23291,7267,16024,7630,2610,5020,547,121,426,15114,4536,10578
서울특별시,은평구,녹번동,2238,708,1530,665,267,398,49,9,40,1524,432,1092
서울특별시,은평구,불광1동,2263,677,1586,758,263,495,42,10,32,1463,404,1059
서울특별시,은평구,갈현1동,876,303,573,330,113,217,27,5,22,519,185,334
서울특별시,은평구,갈현2동,1295,393,902,403,142,261,36,6,30,856,245,611
서울특별시,은평구,구산동,1413,427,986,468,150,318,43,8,35,902,269,633
서울특별시,은평구,대조동,1608,550,1058,518,206,312,33,7,26,1057,337,720
서울특별시,은평구,응암1동,1326,358,968,363,101,262,23,7,16,940,250,690
서울특별시,은평구,응암2동,924,253,671,369,98,271,25,5,20,530,150,380
서울특별시,은평구,신사1동,1155,358,797,295,118,177,22,4,18,838,236,602
서울특별시,은평구,신사2동,981,311,670,306,101,205,16,3,13,659,207,452
서울특별시,은평구,증산동,781,274,507,199,80,119,14,3,11,568,191,377
서울특별시,은평구,수색동,648,183,465,264,68,196,12,3,9,372,112,260
서울특별시,은평구,진관동,1413,391,1022,476,101,375,40,11,29,897,279,618
서울특별시,은평구,불광2동,2113,766,1347,808,313,495,45,12,33,1260,441,819
서울특별시,은평구,응암3동,1957,620,1337,669,236,433,40,11,29,1248,373,875
서울특별시,은평구,역촌동,2300,695,1605,739,253,486,80,17,63,1481,425,1056
서울특별시,서대문구,소계,14318,4366,9952,3880,1317,2563,329,61,268,10109,2988,7121
서울특별시,서대문구,천연동,1033,325,708,383,131,252,12,3,9,638,191,447
서울특별시,서대문구,홍제1동,1195,362,833,267,103,164,31,6,25,897,253,644
서울특별시,서대문구,홍제3동,1054,301,753,315,97,218,41,2,39,698,202,496
서울특별시,서대문구,홍제2동,724,186,538,136,68,68,15,2,13,573,116,457
서울특별시,서대문구,홍은1동,1181,337,844,328,114,214,39,7,32,814,216,598
서울특별시,서대문구,홍은2동,1275,375,900,256,32,224,26,3,23,993,340,653
서울특별시,서대문구,남가좌1동,444,122,322,130,41,89,5,-,5,309,81,228
서울특별시,서대문구,남가좌2동,1368,440,928,470,168,302,27,9,18,871,263,608
서울특별시,서대문구,북가좌1동,585,153,432,164,41,123,15,5,10,406,107,299
서울특별시,서대문구,북가좌2동,1678,548,1130,533,198,335,48,7,41,1097,343,754
서울특별시,서대문구,충현동,987,368,619,290,130,160,21,4,17,676,234,442
서울특별시,서대문구,북아현동,669,212,457,210,78,132,12,2,10,447,132,315
서울특별시,서대문구,신촌동,646,207,439,107,36,71,14,1,13,525,170,355
서울특별시,서대문구,연희동,1479,430,1049,291,80,211,23,10,13,1165,340,825
서울특별시,마포구,소계,14065,3996,10069,3593,1143,2450,396,88,308,10076,2765,7311
서울특별시,마포구,용강동,721,215,506,193,56,137,22,2,20,506,157,349
서울특별시,마포구,대흥동,685,240,445,196,71,125,11,6,5,478,163,315
서울특별시,마포구,염리동,588,182,406,165,50,115,17,3,14,406,129,277
서울특별시,마포구,신수동,745,207,538,137,51,86,16,4,12,592,152,440
서울특별시,마포구,서교동,858,281,577,107,47,60,17,2,15,734,232,502
서울특별시,마포구,합정동,678,212,466,130,56,74,14,3,11,534,153,381
서울특별시,마포구,망원1동,902,240,662,223,72,151,18,4,14,661,164,497
서울특별시,마포구,망원2동,720,187,533,159,52,107,18,4,14,543,131,412
서울특별시,마포구,연남동,567,172,395,113,38,75,20,7,13,434,127,307
서울특별시,마포구,성산1동,720,205,515,168,70,98,23,6,17,529,129,400
서울특별시,마포구,성산2동,1870,448,1422,721,190,531,65,9,56,1084,249,835
서울특별시,마포구,상암동,794,196,598,274,63,211,40,11,29,480,122,358
서울특별시,마포구,도화동,929,267,662,237,76,161,17,3,14,675,188,487
서울특별시,마포구,서강동,693,186,507,122,34,88,20,8,12,551,144,407
서울특별시,마포구,공덕동,1790,534,1256,444,157,287,53,12,41,1293,365,928
서울특별시,마포구,아현동,805,224,581,204,60,144,25,4,21,576,160,416
서울특별시,양천구,소계,17825,5744,12081,5791,2041,3750,471,116,355,11563,3587,7976
서울특별시,양천구,목1동,586,156,430,160,42,118,16,3,13,410,111,299
서울특별시,양천구,목2동,1001,318,683,302,100,202,28,10,18,671,208,463
서울특별시,양천구,목3동,917,273,644,301,103,198,20,3,17,596,167,429
서울특별시,양천구,목4동,879,268,611,258,95,163,25,9,16,596,164,432
서울특별시,양천구,신월1동,1474,602,872,605,253,352,36,8,28,833,341,492
서울특별시,양천구,신월2동,994,335,659,284,115,169,27,5,22,683,215,468
서울특별시,양천구,신월3동,1275,561,714,507,237,270,36,8,28,732,316,416
서울특별시,양천구,신월4동,711,202,509,143,46,97,28,4,24,540,152,388
서울특별시,양천구,신월5동,674,230,444,238,81,157,17,6,11,419,143,276
서울특별시,양천구,신월6동,414,120,294,102,25,77,5,1,4,307,94,213
서울특별시,양천구,신월7동,1370,427,943,369,131,238,67,14,53,934,282,652
서울특별시,양천구,신정1동,523,145,378,95,33,62,11,3,8,417,109,308
서울특별시,양천구,신정2동,687,208,479,328,96,232,20,6,14,339,106,233
서울특별시,양천구,신정3동,1911,571,1340,669,213,456,60,17,43,1182,341,841
서울특별시,양천구,신정6동,403,93,310,15,2,13,3,-,3,385,91,294
서울특별시,양천구,신정7동,1626,444,1182,822,211,611,36,9,27,768,224,544
서울특별시,양천구,목5동,621,167,454,13,3,10,3,1,2,605,163,442
서울특별시,양천구,신정4동,1759,624,1135,580,255,325,33,9,24,1146,360,786
서울특별시,강서구,소계,26046,8691,17355,10606,3930,6676,642,177,465,14798,4584,10214
서울특별시,강서구,염창동,681,186,495,78,23,55,16,5,11,587,158,429
서울특별시,강서구,등촌1동,835,250,585,95,30,65,10,2,8,730,218,512
서울특별시,강서구,등촌2동,604,167,437,129,42,87,18,4,14,457,121,336
서울특별시,강서구,등촌3동,3055,1091,1964,2092,816,1276,60,24,36,903,251,652
서울특별시,강서구,화곡본동,1427,473,954,501,173,328,38,7,31,888,293,595
서울특별시,강서구,화곡2동,802,248,554,270,78,192,25,6,19,507,164,343
서울특별시,강서구,화곡3동,850,250,600,194,69,125,19,3,16,637,178,459
서울특별시,강서구,화곡4동,1051,349,702,393,135,258,27,8,19,631,206,425
서울특별시,강서구,화곡6동,1053,389,664,327,112,215,23,6,17,703,271,432
서울특별시,강서구,화곡8동,1132,380,752,328,120,208,30,7,23,774,253,521
서울특별시,강서구,가양1동,584,172,412,68,21,47,22,7,15,494,144,350
서울특별시,강서구,가양2동,1982,766,1216,1477,609,868,45,18,27,460,139,321
서울특별시,강서구,가양3동,1515,454,1061,921,302,619,45,10,35,549,142,407
서울특별시,강서구,발산1동,1095,266,829,400,90,310,43,10,33,652,166,486
서울특별시,강서구,공항동,1081,453,628,367,153,214,39,13,26,675,287,388
서울특별시,강서구,방화1동,1368,464,904,369,148,221,29,6,23,970,310,660
서울특별시,강서구,방화2동,1667,592,1075,727,278,449,41,8,33,899,306,593
서울특별시,강서구,방화3동,1992,643,1349,1000,380,620,36,12,24,956,251,705
서울특별시,강서구,화곡1동,2261,805,1456,671,274,397,61,18,43,1529,513,1016
서울특별시,강서구,우장산동,1011,293,718,199,77,122,15,3,12,797,213,584
서울특별시,구로구,소계,18521,6416,12105,4799,1877,2922,470,119,351,13252,4420,8832
서울특별시,구로구,신도림동,682,193,489,69,25,44,13,3,10,600,165,435
서울특별시,구로구,구로1동,433,108,325,42,13,29,12,3,9,379,92,287
서울특별시,구로구,구로3동,883,298,585,160,64,96,25,2,23,698,232,466
서울특별시,구로구,구로4동,1511,514,997,451,168,283,33,9,24,1027,337,690
서울특별시,구로구,구로5동,1231,457,774,239,95,144,30,3,27,962,359,603
서울특별시,구로구,고척1동,1036,359,677,200,92,108,26,11,15,810,256,554
서울특별시,구로구,고척2동,1494,536,958,446,168,278,33,11,22,1015,357,658
서울특별시,구로구,개봉2동,1279,397,882,312,128,184,25,7,18,942,262,680
서울특별시,구로구,개봉3동,1066,326,740,216,88,128,34,10,24,816,228,588
서울특별시,구로구,오류1동,1184,433,751,426,166,260,41,13,28,717,254,463
서울특별시,구로구,수궁동,1205,436,769,319,117,202,47,17,30,839,302,537
서울특별시,구로구,가리봉동,939,451,488,316,178,138,11,2,9,612,271,341
서울특별시,구로구,구로2동,1835,660,1175,487,186,301,45,9,36,1303,465,838
서울특별시,구로구,개봉1동,1785,675,1110,523,223,300,36,8,28,1226,444,782
서울특별시,구로구,오류2동,1632,456,1176,493,133,360,53,8,45,1086,315,771
서울특별시,구로구,항동,326,117,209,100,33,67,6,3,3,220,81,139
서울특별시,금천구,소계,12219,4491,7728,3131,1183,1948,669,224,445,8419,3084,5335
서울특별시,금천구,가산동,902,432,470,220,119,101,24,9,15,658,304,354
서울특별시,금천구,독산1동,1521,578,943,377,139,238,80,29,51,1064,410,654
서울특별시,금천구,독산2동,1193,455,738,329,135,194,56,14,42,808,306,502
서울특별시,금천구,독산3동,1436,544,892,288,117,171,80,27,53,1068,400,668
서울특별시,금천구,독산4동,875,318,557,190,66,124,44,20,24,641,232,409
서울특별시,금천구,시흥1동,1971,702,1269,408,143,265,99,32,67,1464,527,937
서울특별시,금천구,시흥2동,1042,308,734,370,96,274,85,28,57,587,184,403
서울특별시,금천구,시흥3동,580,190,390,98,28,70,33,13,20,449,149,300
서울특별시,금천구,시흥4동,1165,433,732,331,138,193,70,23,47,764,272,492
서울특별시,금천구,시흥5동,1534,531,1003,520,202,318,98,29,69,916,300,616
서울특별시,영등포구,소계,16508,6027,10481,1514,613,901,756,241,515,14238,5173,9065
서울특별시,영등포구,여의동,1032,259,773,41,12,29,7,2,5,984,245,739
서울특별시,영등포구,당산1동,953,369,584,89,37,52,38,13,25,826,319,507
서울특별시,영등포구,당산2동,776,234,542,51,17,34,24,9,15,701,208,493
서울특별시,영등포구,양평1동,635,207,428,77,33,44,18,5,13,540,169,371
서울특별시,영등포구,양평2동,538,178,360,65,27,38,24,7,17,449,144,305
서울특별시,영등포구,신길1동,1276,469,807,111,48,63,80,21,59,1085,400,685
서울특별시,영등포구,신길3동,915,302,613,88,33,55,49,12,37,778,257,521
서울특별시,영등포구,신길4동,770,272,498,96,37,59,63,14,49,611,221,390
서울특별시,영등포구,신길5동,608,217,391,99,36,63,63,27,36,446,154,292
서울특별시,영등포구,신길6동,826,269,557,87,34,53,52,17,35,687,218,469
서울특별시,영등포구,신길7동,469,149,320,61,22,39,18,2,16,390,125,265
서울특별시,영등포구,대림1동,908,282,626,84,31,53,47,12,35,777,239,538
서울특별시,영등포구,대림2동,888,272,616,83,31,52,39,11,28,766,230,536
서울특별시,영등포구,대림3동,1213,441,772,100,41,59,63,16,47,1050,384,666
서울특별시,영등포구,영등포본동,1344,578,766,103,48,55,49,18,31,1192,512,680
서울특별시,영등포구,영등포동,1483,872,611,107,52,55,54,26,28,1322,794,528
서울특별시,영등포구,도림동,1019,386,633,104,46,58,38,17,21,877,323,554
서울특별시,영등포구,문래동,855,271,584,68,28,40,30,12,18,757,231,526
서울특별시,동작구,소계,15892,4713,11179,4387,1480,2907,280,54,226,11225,3179,8046
서울특별시,동작구,노량진2동,821,333,488,302,145,157,20,4,16,499,184,315
서울특별시,동작구,상도1동,1575,407,1168,496,126,370,43,6,37,1036,275,761
서울특별시,동작구,상도2동,863,234,629,173,45,128,18,2,16,672,187,485
서울특별시,동작구,상도3동,1155,352,803,329,119,210,28,7,21,798,226,572
서울특별시,동작구,상도4동,1530,475,1055,456,164,292,31,8,23,1043,303,740
서울특별시,동작구,사당1동,1011,345,666,259,108,151,11,1,10,741,236,505
서울특별시,동작구,사당3동,851,277,574,175,82,93,9,2,7,667,193,474
서울특별시,동작구,사당4동,708,200,508,207,60,147,13,1,12,488,139,349
서울특별시,동작구,사당5동,557,142,415,138,37,101,8,2,6,411,103,308
서울특별시,동작구,대방동,1409,365,1044,471,120,351,24,1,23,914,244,670
서울특별시,동작구,신대방1동,990,324,666,250,99,151,12,4,8,728,221,507
서울특별시,동작구,신대방2동,740,250,490,186,85,101,7,-,7,547,165,382
서울특별시,동작구,흑석동,1019,270,749,217,55,162,14,6,8,788,209,579
서울특별시,동작구,노량진1동,1455,398,1057,453,133,320,21,5,16,981,260,721
서울특별시,동작구,사당2동,1208,341,867,275,102,173,21,5,16,912,234,678
서울특별시,관악구,소계,22579,7881,14698,7417,2849,4568,438,111,327,14724,4921,9803
서울특별시,관악구,보라매동,1254,413,841,376,146,230,19,3,16,859,264,595
서울특별시,관악구,청림동,720,202,518,238,78,160,10,5,5,472,119,353
서울특별시,관악구,행운동,1205,423,782,407,150,257,28,7,21,770,266,504
서울특별시,관악구,낙성대동,581,213,368,147,58,89,3,-,3,431,155,276
서울특별시,관악구,중앙동,735,285,450,228,93,135,12,1,11,495,191,304
서울특별시,관악구,인헌동,1007,306,701,220,74,146,22,3,19,765,229,536
서울특별시,관악구,남현동,663,236,427,151,55,96,14,3,11,498,178,320
서울특별시,관악구,서원동,896,336,560,243,105,138,16,4,12,637,227,410
서울특별시,관악구,신원동,1038,355,683,387,160,227,26,6,20,625,189,436
서울특별시,관악구,서림동,978,383,595,274,130,144,19,8,11,685,245,440
서울특별시,관악구,신사동,1080,410,670,371,146,225,19,8,11,690,256,434
서울특별시,관악구,신림동,682,310,372,227,123,104,8,3,5,447,184,263
서울특별시,관악구,난향동,645,183,462,218,54,164,21,5,16,406,124,282
서울특별시,관악구,조원동,855,347,508,269,132,137,9,5,4,577,210,367
서울특별시,관악구,대학동,968,440,528,259,177,82,19,6,13,690,257,433
서울특별시,관악구,은천동,1592,519,1073,582,201,381,34,9,25,976,309,667
서울특별시,관악구,성현동,1496,390,1106,633,164,469,33,7,26,830,219,611
서울특별시,관악구,청룡동,1388,501,887,445,196,249,20,5,15,923,300,623
서울특별시,관악구,난곡동,1673,601,1072,654,269,385,35,11,24,984,321,663
서울특별시,관악구,삼성동,1677,549,1128,684,216,468,32,8,24,961,325,636
서울특별시,관악구,미성동,1446,479,967,404,122,282,39,4,35,1003,353,650
서울특별시,서초구,소계,10945,3390,7555,2332,807,1525,220,50,170,8393,2533,5860
서울특별시,서초구,서초1동,638,245,393,140,58,82,10,1,9,488,186,302
서울특별시,서초구,서초2동,424,151,273,45,22,23,8,2,6,371,127,244
서울특별시,서초구,서초3동,839,320,519,110,42,68,10,3,7,719,275,444
서울특별시,서초구,서초4동,510,151,359,29,7,22,3,2,1,478,142,336
서울특별시,서초구,잠원동,632,172,460,106,47,59,9,1,8,517,124,393
서울특별시,서초구,반포본동,3,1,2,-,-,-,-,-,-,3,1,2
서울특별시,서초구,반포1동,763,248,515,151,65,86,4,-,4,608,183,425
서울특별시,서초구,반포2동,308,54,254,11,3,8,5,-,5,292,51,241
서울특별시,서초구,반포3동,461,78,383,12,2,10,6,-,6,443,76,367
서울특별시,서초구,반포4동,441,111,330,32,8,24,5,-,5,404,103,301
서울특별시,서초구,방배본동,549,166,383,101,24,77,11,1,10,437,141,296
서울특별시,서초구,방배1동,561,173,388,123,38,85,17,5,12,421,130,291
서울특별시,서초구,방배2동,737,240,497,206,60,146,18,5,13,513,175,338
서울특별시,서초구,방배3동,353,99,254,42,16,26,11,1,10,300,82,218
서울특별시,서초구,방배4동,665,199,466,126,37,89,8,2,6,531,160,371
서울특별시,서초구,양재1동,1614,471,1143,686,218,468,51,14,37,877,239,638
서울특별시,서초구,양재2동,829,307,522,252,118,134,24,5,19,553,184,369
서울특별시,서초구,내곡동,618,204,414,160,42,118,20,8,12,438,154,284
서울특별시,강남구,소계,20973,6574,14399,3660,1263,2397,423,137,286,16890,5174,11716
서울특별시,강남구,신사동,578,178,400,54,23,31,10,4,6,514,151,363
서울특별시,강남구,개포3동,1628,396,1232,438,114,324,62,17,45,1128,265,863
서울특별시,강남구,논현1동,905,343,562,161,64,97,6,1,5,738,278,460
서울특별시,강남구,논현2동,731,223,508,74,19,55,10,3,7,647,201,446
서울특별시,강남구,삼성1동,388,121,267,24,9,15,2,-,2,362,112,250
서울특별시,강남구,삼성2동,825,256,569,95,38,57,17,7,10,713,211,502
서울특별시,강남구,대치1동,240,54,186,2,-,2,1,-,1,237,54,183
서울특별시,강남구,대치4동,589,215,374,102,47,55,5,1,4,482,167,315
서울특별시,강남구,역삼1동,1228,546,682,197,95,102,18,6,12,1013,445,568
서울특별시,강남구,역삼2동,780,244,536,85,35,50,13,4,9,682,205,477
서울특별시,강남구,도곡1동,510,165,345,32,21,11,8,2,6,470,142,328
서울특별시,강남구,도곡2동,713,214,499,20,10,10,4,2,2,689,202,487
서울특별시,강남구,개포1동,599,193,406,48,13,35,20,5,15,531,175,356
서울특별시,강남구,개포4동,871,282,589,154,51,103,16,5,11,701,226,475
서울특별시,강남구,일원본동,531,133,398,30,5,25,5,1,4,496,127,369
서울특별시,강남구,일원1동,1600,510,1090,440,139,301,58,22,36,1102,349,753
서울특별시,강남구,수서동,3410,1138,2272,1141,414,727,57,16,41,2212,708,1504
서울특별시,강남구,세곡동,1908,548,1360,397,109,288,81,32,49,1430,407,1023
서울특별시,강남구,압구정동,876,224,652,29,9,20,5,-,5,842,215,627
서울특별시,강남구,청담동,671,203,468,40,15,25,6,2,4,625,186,439
서울특별시,강남구,대치2동,638,166,472,37,12,25,7,2,5,594,152,442
서울특별시,강남구,개포2동,754,222,532,60,21,39,12,5,7,682,196,486
서울특별시,송파구,소계,25889,8825,17064,5154,1988,3166,287,126,161,20448,6711,13737
서울특별시,송파구,풍납1동,1029,374,655,235,89,146,11,5,6,783,280,503
서울특별시,송파구,풍납2동,1002,330,672,171,64,107,13,6,7,818,260,558
서울특별시,송파구,거여1동,877,330,547,220,86,134,10,4,6,647,240,407
서울특별시,송파구,거여2동,1559,505,1054,383,126,257,12,8,4,1164,371,793
서울특별시,송파구,마천1동,1847,773,1074,529,240,289,17,11,6,1301,522,779
서울특별시,송파구,마천2동,1691,669,1022,441,175,266,16,10,6,1234,484,750
서울특별시,송파구,방이1동,491,177,314,91,32,59,5,2,3,395,143,252
서울특별시,송파구,방이2동,1229,484,745,260,118,142,13,7,6,956,359,597
서울특별시,송파구,오륜동,307,65,242,9,1,8,2,-,2,296,64,232
서울특별시,송파구,오금동,1861,596,1265,392,126,266,22,12,10,1447,458,989
서울특별시,송파구,송파1동,876,290,586,158,65,93,7,2,5,711,223,488
서울특별시,송파구,송파2동,504,168,336,78,32,46,6,1,5,420,135,285
서울특별시,송파구,석촌동,1637,679,958,341,174,167,20,8,12,1276,497,779
서울특별시,송파구,삼전동,1542,522,1020,362,136,226,16,6,10,1164,380,784
서울특별시,송파구,가락본동,1117,464,653,211,101,110,9,2,7,897,361,536
서울특별시,송파구,가락1동,540,126,414,51,11,40,11,3,8,478,112,366
서울특별시,송파구,가락2동,884,271,613,139,52,87,11,4,7,734,215,519
서울특별시,송파구,문정1동,631,213,418,110,43,67,10,4,6,511,166,345
서울특별시,송파구,문정2동,540,165,375,28,10,18,4,2,2,508,153,355
서울특별시,송파구,잠실본동,1388,579,809,314,169,145,14,5,9,1060,405,655
서울특별시,송파구,잠실4동,405,82,323,7,3,4,8,4,4,390,75,315
서울특별시,송파구,잠실6동,371,86,285,16,4,12,3,1,2,352,81,271
서울특별시,송파구,잠실7동,264,73,191,4,1,3,-,-,-,260,72,188
서울특별시,송파구,잠실2동,495,103,392,8,3,5,3,1,2,484,99,385
서울특별시,송파구,잠실3동,736,171,565,20,5,15,6,2,4,710,164,546
서울특별시,송파구,장지동,1355,360,995,368,81,287,17,7,10,970,272,698
서울특별시,송파구,위례동,711,170,541,208,41,167,21,9,12,482,120,362
서울특별시,강동구,소계,18520,6371,12149,5527,2150,3377,591,148,443,12402,4073,8329
서울특별시,강동구,명일1동,823,227,596,152,73,79,21,3,18,650,151,499
서울특별시,강동구,명일2동,372,105,267,56,13,43,8,2,6,308,90,218
서울특별시,강동구,고덕1동,476,167,309,142,57,85,23,7,16,311,103,208
서울특별시,강동구,고덕2동,659,256,403,199,79,120,19,6,13,441,171,270
서울특별시,강동구,암사2동,485,133,352,59,29,30,8,3,5,418,101,317
서울특별시,강동구,암사3동,391,112,279,40,15,25,11,3,8,340,94,246
서울특별시,강동구,천호1동,1595,582,1013,571,232,339,49,10,39,975,340,635
서울특별시,강동구,천호3동,1497,623,874,552,235,317,48,12,36,897,376,521
서울특별시,강동구,성내1동,584,170,414,83,39,44,10,3,7,491,128,363
서울특별시,강동구,성내2동,1404,551,853,384,172,212,49,19,30,971,360,611
서울특별시,강동구,성내3동,973,319,654,217,88,129,32,9,23,724,222,502
서울특별시,강동구,둔촌1동,3,2,1,2,2,-,-,-,-,1,-,1
서울특별시,강동구,둔촌2동,908,280,628,177,61,116,36,6,30,695,213,482
서울특별시,강동구,암사1동,1832,641,1191,602,233,369,62,13,49,1168,395,773
서울특별시,강동구,천호2동,1912,744,1168,740,316,424,47,11,36,1125,417,708
서울특별시,강동구,길동,2119,758,1361,556,238,318,40,15,25,1523,505,1018
서울특별시,강동구,강일동,1357,389,968,647,172,475,68,14,54,642,203,439
서울특별시,강동구,상일1동,667,186,481,111,35,76,17,2,15,539,149,390
서울특별시,강동구,상일2동,463,126,337,237,61,176,43,10,33,183,55,128
